beta = -0.135385 ± 0.008797
alpha = 0.200031 ± 0.030797
