beta = -0.108718 ± 0.001425
alpha = 0.256637 ± 0.029836
