beta = -0.107908 ± 0.004058
alpha = 0.125400 ± 0.031607
