beta = 0.112577 ± 0.002685
alpha = 0.317329 ± 0.022342
gamma = 1.162563 ± 0.136198
