beta = 0.150044 ± 0.003890
alpha = 0.429149 ± 0.036947
gamma = 2.861620 ± 0.172207
