beta = 0.124362 ± 0.000859
alpha = 0.319263 ± 0.020127
gamma = 0.748988 ± 0.045649
