beta = 0.108585 ± 0.000811
alpha = 0.324578 ± 0.014078
gamma = 1.806262 ± 0.162390
